"B.SKESKE";"B.SKECHA";"B.SKEGUI";"B.SKELEP";"B.SKERHI";"B.CHASKE";"B.CHACHA";"B.CHAGUI";"B.CHALEP";"B.CHARHI";"B.GUISKE";"B.GUICHA";"B.GUIGUI";"B.GUILEP";"B.GUIRHI";"B.LEPSKE";"B.LEPCHA";"B.LEPGUI";"B.LEPLEP";"B.LEPRHI";"B.RHISKE";"B.RHICHA";"B.RHIGUI";"B.RHILEP";"B.RHIRHI";"B.ASTAST";"B.ASTNIT";"B.ASTPSE";"B.NITAST";"B.NITNIT";"B.NITPSE";"B.PSEAST";"B.PSENIT";"B.PSEPSE";"B.GYMGYM";"B.GYMPRP";"B.PRPGYM";"B.PRPPRP";"B.CRYCRY";"B.CRYEUG";"B.EUGCRY";"B.EUGEUG"
"B.SKESKE";1;-3.91477012061381e-18;6.70062205788705e-18;1.5865618672775e-17;7.68955687571691e-19;-0.0915954138391293;-3.4927348857279e-20;-4.0941289007558e-20;-3.5203440082955e-19;-1.47222093009788e-19;0.0833337585617534;4.94222785298296e-19;9.13786224631315e-20;2.59018900277787e-18;1.33676560734203e-18;0.277849888734538;-1.0730998235765e-18;1.05452943641251e-18;5.15847874829876e-19;-9.85815062117087e-19;-0.123751736122353;-5.57754540672661e-19;-2.17893460717963e-19;-3.48556424832307e-18;-1.68417235834155e-18;0;0;0;0;0;0;0;0;0;0;0;0;0;0;0;0;0
"B.SKECHA";-3.91477012061381e-18;1;1.02791086787435e-17;-2.01229411300819e-18;-7.61456487270957e-18;1.38602080649236e-19;-0.0915954138391293;-2.59511758478872e-19;4.46498032617692e-20;2.05113442938523e-20;-1.12058532902167e-18;0.0833337585617533;1.9706581333847e-18;-3.28523090676098e-19;1.38237288326635e-19;2.74520541491592e-19;0.277849888734538;9.00982274841273e-20;-6.54268618915672e-20;-1.40038869902911e-18;1.46236066878088e-18;-0.123751736122353;-2.62417764659729e-18;4.42086789180691e-19;-5.52267750336053e-20;0;0;0;0;0;0;0;0;0;0;0;0;0;0;0;0;0
"B.SKEGUI";6.70062205788705e-18;1.02791086787435e-17;1;-3.84329937174547e-18;-4.72457606338064e-18;-1.36511070463759e-19;-1.27095476248049e-20;-0.0915954138391293;8.52770773989831e-20;1.08771066475836e-19;9.8071975046739e-19;-3.26002518659286e-19;0.0833337585617535;-6.27449327529879e-19;-8.07987040980747e-19;3.12339571893597e-19;2.0067511343519e-18;0.277849888734538;-1.24959376255015e-19;-1.2301674592083e-19;-1.33045384677383e-18;2.48930974176124e-19;-0.123751736122354;8.44345698837817e-19;1.08382021421353e-18;0;0;0;0;0;0;0;0;0;0;0;0;0;0;0;0;0
"B.SKELEP";1.58656186727751e-17;-2.01229411300819e-18;-3.84329937174547e-18;1;2.65497382004121e-20;-6.81342706211996e-20;8.64171731925048e-21;1.65048968384782e-20;-0.0915954138391289;-1.14016798511162e-22;-5.16927530756599e-20;6.55637985790158e-21;1.25220912916797e-20;0.0833337585617533;-8.65033434449352e-23;2.72060125990273e-18;-3.4506375150307e-19;-6.59040490548057e-19;0.277849888734538;4.55269048676148e-21;-1.80586109279577e-19;2.29043929574536e-20;4.37453146110924e-20;-0.123751736122354;-3.02195207315266e-22;0;0;0;0;0;0;0;0;0;0;0;0;0;0;0;0;0
"B.SKERHI";7.68955687571691e-19;-7.61456487270957e-18;-4.72457606338064e-18;2.65497382004121e-20;1;1.2685786415019e-19;1.8114493348698e-19;1.63497301764313e-20;-5.89099068390035e-22;-0.0915954138391291;-1.21373283002983e-18;-1.35656635390896e-18;5.2055686163505e-20;4.33445687380248e-21;0.0833337585617532;1.14267537881937e-18;-1.52916747290141e-19;-8.4075595199138e-19;8.63226723800756e-22;0.277849888734538;1.50648580056431e-18;1.81476356378651e-18;7.91195088673471e-21;-5.83278976901739e-21;-0.123751736122353;0;0;0;0;0;0;0;0;0;0;0;0;0;0;0;0;0
"B.CHASKE";-0.0915954138391293;1.38602080649236e-19;-1.36511070463759e-19;-6.81342706211998e-20;1.26857864150191e-19;1;-3.11389445711024e-18;5.32982250359405e-18;1.26198628582648e-17;6.11644305928607e-19;-0.1077072549021;2.54393195667695e-19;-1.14259964184445e-18;-4.49642369711636e-18;-1.131770466065e-18;-0.357894903957092;1.07399808234429e-20;-6.43187318127496e-19;-3.10531466649413e-18;-9.57906544217545e-19;-0.188109032199254;-1.40298706707257e-19;-4.58111174023478e-19;-2.85310363521073e-18;-1.04059254744393e-18;0;0;0;0;0;0;0;0;0;0;0;0;0;0;0;0;0
"B.CHACHA";-3.49273488572787e-20;-0.0915954138391293;-1.27095476248047e-20;8.64171731925042e-21;1.8114493348698e-19;-3.11389445711024e-18;1;8.17622965145005e-18;-1.60062309957278e-18;-6.05679276685575e-18;1.4727287364061e-18;-0.107707254902101;-3.13386216601502e-18;5.70297769151866e-19;1.11580295045969e-18;1.0871679742598e-18;-0.357894903957092;-2.20687682295332e-18;3.93858351905742e-19;5.69546119740349e-19;1.06266309182474e-18;-0.188109032199254;-2.0663936221683e-18;3.61869509620113e-19;3.40257220039906e-19;0;0;0;0;0;0;0;0;0;0;0;0;0;0;0;0;0
"B.CHAGUI";-4.09412890075577e-20;-2.59511758478872e-19;-0.0915954138391293;1.65048968384783e-20;1.63497301764315e-20;5.32982250359405e-18;8.17622965145005e-18;1;-3.05704504784997e-18;-3.7580319565865e-18;-1.81358704553622e-18;-1.40108458545464e-18;-0.107707254902101;1.08921705019185e-18;1.36663765392114e-18;-1.236020409198e-18;-6.75927234973922e-19;-0.357894903957092;7.52233754822835e-19;9.49161536562554e-19;-1.12063162667987e-18;-3.55481344665907e-19;-0.188109032199254;6.911379653632e-19;8.76929149126313e-19;0;0;0;0;0;0;0;0;0;0;0;0;0;0;0;0;0
"B.CHALEP";-3.52034400829551e-19;4.46498032617691e-20;8.52770773989829e-20;-0.0915954138391289;-5.89099068390033e-22;1.26198628582648e-17;-1.60062309957278e-18;-3.05704504784997e-18;1;2.11182470676027e-20;-2.50318474256715e-18;3.17488023954805e-19;6.06373350254516e-19;-0.107707254902101;-4.18886278267016e-21;-1.34424135250034e-18;1.70495019191424e-19;3.25630033854529e-19;-0.357894903957091;-2.24947143399416e-21;-8.85016653019169e-19;1.1224988054457e-19;2.14387098082061e-19;-0.188109032199254;-1.4809986881245e-21;0;0;0;0;0;0;0;0;0;0;0;0;0;0;0;0;0
"B.CHARHI";-1.47222093009788e-19;2.05113442938527e-20;1.08771066475836e-19;-1.14016798511161e-22;-0.0915954138391292;6.11644305928607e-19;-6.05679276685575e-18;-3.7580319565865e-18;2.11182470676027e-20;1;7.92521878822356e-19;2.24359788015495e-18;7.17755219072416e-19;-7.52437547244343e-21;-0.107707254902101;7.4225082485717e-19;1.56597936213251e-18;3.75858703340617e-19;-5.19647503987929e-21;-0.357894903957092;8.59417837793688e-19;1.45382090724814e-18;2.36234730585125e-19;-4.7744217314054e-21;-0.188109032199254;0;0;0;0;0;0;0;0;0;0;0;0;0;0;0;0;0
"B.GUISKE";0.0833337585617534;-1.12058532902167e-18;9.8071975046739e-19;-5.16927530756608e-20;-1.21373283002983e-18;-0.1077072549021;1.4727287364061e-18;-1.81358704553622e-18;-2.50318474256715e-18;7.92521878822357e-19;1;-4.96941380233804e-18;8.50577753298416e-18;2.01398350314267e-17;9.76113255560954e-19;-0.0784443238128202;5.24102904646061e-19;-7.34239686403884e-19;-1.32613912776776e-18;1.46140889354046e-19;-0.167057338403121;9.75713025077549e-19;-1.30770026467829e-18;-2.17864500130593e-18;3.62660902774879e-19;0;0;0;0;0;0;0;0;0;0;0;0;0;0;0;0;0
"B.GUICHA";4.94222785298295e-19;0.0833337585617533;-3.26002518659286e-19;6.55637985790159e-21;-1.35656635390896e-18;2.54393195667694e-19;-0.107707254902101;-1.40108458545464e-18;3.17488023954805e-19;2.24359788015495e-18;-4.96941380233804e-18;1;1.30483126646199e-17;-2.55440851734573e-18;-9.66593761865854e-18;2.4357821194936e-19;-0.0784443238128201;-8.0837153673739e-19;1.68199048198233e-19;8.76441676810991e-19;3.51438457691778e-19;-0.16705733840312;-1.29843001244769e-18;2.76325468352873e-19;1.5796527384792e-18;0;0;0;0;0;0;0;0;0;0;0;0;0;0;0;0;0
"B.GUIGUI";9.13786224631315e-20;1.9706581333847e-18;0.0833337585617535;1.25220912916799e-20;5.20556861635049e-20;-1.14259964184444e-18;-3.13386216601502e-18;-0.107707254902101;6.06373350254516e-19;7.17755219072416e-19;8.50577753298416e-18;1.30483126646199e-17;1;-4.87868874953874e-18;-5.99738241996145e-18;-5.79743220586339e-19;-1.20734774817076e-18;-0.0784443238128192;3.21244937352658e-19;3.88538110639612e-19;-9.63886629473074e-19;-2.18630444302081e-18;-0.167057338403121;5.27756599819437e-19;6.34598912486521e-19;0;0;0;0;0;0;0;0;0;0;0;0;0;0;0;0;0
"B.GUILEP";2.59018900277788e-18;-3.28523090676098e-19;-6.27449327529879e-19;0.0833337585617533;4.33445687380248e-21;-4.49642369711636e-18;5.70297769151866e-19;1.08921705019185e-18;-0.107707254902101;-7.52437547244344e-21;2.01398350314267e-17;-2.55440851734573e-18;-4.87868874953874e-18;1;3.37022689446968e-20;-1.78508719790049e-18;2.26409100938838e-19;4.324208622242e-19;-0.0784443238128199;-2.9871887599625e-21;-3.19997971940301e-18;4.05865064824098e-19;7.75165488269526e-19;-0.167057338403121;-5.35488880383622e-21;0;0;0;0;0;0;0;0;0;0;0;0;0;0;0;0;0
"B.GUIRHI";1.33676560734203e-18;1.38237288326636e-19;-8.07987040980746e-19;-8.65033434449339e-23;0.0833337585617532;-1.131770466065e-18;1.11580295045969e-18;1.36663765392114e-18;-4.18886278267016e-21;-0.107707254902101;9.76113255560954e-19;-9.66593761865854e-18;-5.99738241996145e-18;3.37022689446968e-20;1;-2.96932057841577e-19;6.16764177880025e-19;5.37944854139768e-19;-2.21917892933945e-21;-0.0784443238128201;-6.23345604431043e-19;1.0017711383014e-18;9.67085971883892e-19;-3.64577364484155e-21;-0.167057338403121;0;0;0;0;0;0;0;0;0;0;0;0;0;0;0;0;0
"B.LEPSKE";0.277849888734538;2.74520541491591e-19;3.12339571893598e-19;2.72060125990273e-18;1.14267537881937e-18;-0.357894903957092;1.0871679742598e-18;-1.236020409198e-18;-1.34424135250034e-18;7.42250824857171e-19;-0.0784443238128202;2.43578211949361e-19;-5.79743220586339e-19;-1.78508719790049e-18;-2.96932057841577e-19;1;-3.77640360021749e-18;6.46379033339862e-18;1.53048525531689e-17;7.41777151016502e-19;-0.283663278181544;1.35572732976738e-18;-2.12800494707346e-18;-4.55114367817054e-18;2.81693456245001e-20;0;0;0;0;0;0;0;0;0;0;0;0;0;0;0;0;0
"B.LEPCHA";-1.0730998235765e-18;0.277849888734538;2.0067511343519e-18;-3.4506375150307e-19;-1.52916747290141e-19;1.07399808234424e-20;-0.357894903957092;-6.75927234973921e-19;1.70495019191424e-19;1.5659793621325e-18;5.24102904646061e-19;-0.0784443238128201;-1.20734774817076e-18;2.26409100938838e-19;6.16764177880025e-19;-3.77640360021749e-18;1;9.91579628572098e-18;-1.94117010678243e-18;-7.3454300797824e-18;1.0240956375214e-18;-0.283663278181545;-2.88854842940832e-18;5.77238103343071e-19;2.46797350549108e-18;0;0;0;0;0;0;0;0;0;0;0;0;0;0;0;0;0
"B.LEPGUI";1.05452943641251e-18;9.00982274841241e-20;0.277849888734538;-6.59040490548057e-19;-8.4075595199138e-19;-6.43187318127496e-19;-2.20687682295332e-18;-0.357894903957092;3.25630033854529e-19;3.75858703340616e-19;-7.34239686403884e-19;-8.0837153673739e-19;-0.0784443238128192;4.324208622242e-19;5.37944854139768e-19;6.46379033339861e-18;9.91579628572098e-18;1;-3.70745896617232e-18;-4.55758716490216e-18;-1.94536175829545e-18;-3.36021156498332e-18;-0.283663278181544;1.10247245946047e-18;1.34774243712134e-18;0;0;0;0;0;0;0;0;0;0;0;0;0;0;0;0;0
"B.LEPLEP";5.15847874829877e-19;-6.54268618915674e-20;-1.24959376255015e-19;0.277849888734538;8.63226723800758e-22;-3.10531466649413e-18;3.93858351905742e-19;7.52233754822834e-19;-0.357894903957091;-5.19647503987929e-21;-1.32613912776776e-18;1.68199048198233e-19;3.21244937352658e-19;-0.0784443238128199;-2.21917892933945e-21;1.53048525531689e-17;-1.94117010678243e-18;-3.70745896617232e-18;1;2.56113446858401e-20;-5.09370456180623e-18;6.46053073285723e-19;1.23390281501218e-18;-0.283663278181545;-8.52387324915747e-21;0;0;0;0;0;0;0;0;0;0;0;0;0;0;0;0;0
"B.LEPRHI";-9.85815062117088e-19;-1.40038869902911e-18;-1.2301674592083e-19;4.55269048676148e-21;0.277849888734538;-9.57906544217546e-19;5.69546119740351e-19;9.49161536562554e-19;-2.24947143399416e-21;-0.357894903957092;1.46140889354045e-19;8.76441676810991e-19;3.88538110639612e-19;-2.9871887599625e-21;-0.07844432381282;7.41777151016502e-19;-7.3454300797824e-18;-4.55758716490216e-18;2.561134468584e-20;1;-4.9562422796214e-19;2.16098702390606e-18;1.5243686396264e-18;-7.61594461962159e-21;-0.283663278181544;0;0;0;0;0;0;0;0;0;0;0;0;0;0;0;0;0
"B.RHISKE";-0.123751736122353;1.46236066878088e-18;-1.33045384677383e-18;-1.80586109279577e-19;1.50648580056431e-18;-0.188109032199254;1.06266309182474e-18;-1.12063162667987e-18;-8.85016653019169e-19;8.59417837793688e-19;-0.167057338403121;3.51438457691777e-19;-9.63886629473073e-19;-3.199979719403e-18;-6.23345604431043e-19;-0.283663278181544;1.0240956375214e-18;-1.94536175829545e-18;-5.09370456180622e-18;-4.9562422796214e-19;1;-4.40549736675362e-18;7.54056353812266e-18;1.78544177898927e-17;8.65346406653409e-19;0;0;0;0;0;0;0;0;0;0;0;0;0;0;0;0;0
"B.RHICHA";-5.5775454067266e-19;-0.123751736122353;2.48930974176123e-19;2.29043929574536e-20;1.81476356378651e-18;-1.40298706707256e-19;-0.188109032199254;-3.55481344665907e-19;1.1224988054457e-19;1.45382090724814e-18;9.7571302507755e-19;-0.16705733840312;-2.18630444302081e-18;4.05865064824098e-19;1.0017711383014e-18;1.35572732976738e-18;-0.283663278181545;-3.36021156498332e-18;6.46053073285723e-19;2.16098702390605e-18;-4.40549736675362e-18;1;1.15676233397016e-17;-2.26454073747794e-18;-8.56907160884248e-18;0;0;0;0;0;0;0;0;0;0;0;0;0;0;0;0;0
"B.RHIGUI";-2.17893460717964e-19;-2.62417764659729e-18;-0.123751736122354;4.37453146110924e-20;7.91195088673485e-21;-4.58111174023479e-19;-2.0663936221683e-18;-0.188109032199254;2.14387098082062e-19;2.36234730585125e-19;-1.30770026467829e-18;-1.29843001244769e-18;-0.167057338403121;7.75165488269526e-19;9.67085971883892e-19;-2.12800494707346e-18;-2.88854842940832e-18;-0.283663278181544;1.23390281501218e-18;1.5243686396264e-18;7.54056353812266e-18;1.15676233397016e-17;1;-4.32506756213204e-18;-5.31681472090807e-18;0;0;0;0;0;0;0;0;0;0;0;0;0;0;0;0;0
"B.RHILEP";-3.48556424832308e-18;4.42086789180691e-19;8.44345698837817e-19;-0.123751736122354;-5.83278976901739e-21;-2.85310363521074e-18;3.61869509620113e-19;6.911379653632e-19;-0.188109032199254;-4.77442173140541e-21;-2.17864500130593e-18;2.76325468352873e-19;5.27756599819437e-19;-0.167057338403121;-3.64577364484155e-21;-4.55114367817054e-18;5.77238103343071e-19;1.10247245946047e-18;-0.283663278181545;-7.61594461962159e-21;1.78544177898927e-17;-2.26454073747794e-18;-4.32506756213204e-18;1;2.98778212069255e-20;0;0;0;0;0;0;0;0;0;0;0;0;0;0;0;0;0
"B.RHIRHI";-1.68417235834154e-18;-5.52267750336046e-20;1.08382021421353e-18;-3.02195207315267e-22;-0.123751736122353;-1.04059254744393e-18;3.40257220039905e-19;8.76929149126313e-19;-1.4809986881245e-21;-0.188109032199254;3.62660902774879e-19;1.5796527384792e-18;6.34598912486521e-19;-5.35488880383622e-21;-0.167057338403121;2.81693456245004e-20;2.46797350549109e-18;1.34774243712134e-18;-8.52387324915747e-21;-0.283663278181544;8.65346406653409e-19;-8.56907160884248e-18;-5.31681472090807e-18;2.98778212069255e-20;1;0;0;0;0;0;0;0;0;0;0;0;0;0;0;0;0;0
"B.ASTAST";0;0;0;0;0;0;0;0;0;0;0;0;0;0;0;0;0;0;0;0;0;0;0;0;0;1;3.98381027073984e-17;1.37638435781235e-18;-0.0744180700372271;-9.41811557043682e-19;-3.72777349941179e-19;-0.161622736919102;-5.46266858848896e-18;-1.76610545428185e-19;0;0;0;0;0;0;0;0
"B.ASTNIT";0;0;0;0;0;0;0;0;0;0;0;0;0;0;0;0;0;0;0;0;0;0;0;0;0;3.98381027073984e-17;1;1.28569777654036e-17;-6.9538147485826e-18;-0.0744180700372272;-3.48215966887153e-18;-5.24847973036242e-18;-0.161622736919102;-1.64974110815603e-18;0;0;0;0;0;0;0;0
"B.ASTPSE";0;0;0;0;0;0;0;0;0;0;0;0;0;0;0;0;0;0;0;0;0;0;0;0;0;1.37638435781235e-18;1.28569777654035e-17;1;9.99878393057367e-20;9.33998864102077e-19;-0.0744180700372272;-1.93453689521869e-19;-1.80707501556557e-18;-0.161622736919102;0;0;0;0;0;0;0;0
"B.NITAST";0;0;0;0;0;0;0;0;0;0;0;0;0;0;0;0;0;0;0;0;0;0;0;0;0;-0.0744180700372272;-6.9538147485826e-18;9.99878393057367e-20;1;3.78413248824869e-17;1.30739679120004e-18;-0.0624690876218416;-3.4356667556254e-18;-5.94053456113106e-21;0;0;0;0;0;0;0;0
"B.NITNIT";0;0;0;0;0;0;0;0;0;0;0;0;0;0;0;0;0;0;0;0;0;0;0;0;0;-9.41811557043682e-19;-0.0744180700372272;9.33998864102077e-19;3.78413248824869e-17;1;1.221255631075e-17;-1.44320267242818e-18;-0.0624690876218417;-5.54912734466651e-20;0;0;0;0;0;0;0;0
"B.NITPSE";0;0;0;0;0;0;0;0;0;0;0;0;0;0;0;0;0;0;0;0;0;0;0;0;0;-3.72777349941179e-19;-3.48215966887153e-18;-0.0744180700372272;1.30739679120004e-18;1.221255631075e-17;1;-1.62621698783751e-19;-1.51906954882721e-18;-0.0624690876218418;0;0;0;0;0;0;0;0
"B.PSEAST";0;0;0;0;0;0;0;0;0;0;0;0;0;0;0;0;0;0;0;0;0;0;0;0;0;-0.161622736919102;-5.24847973036241e-18;-1.93453689521869e-19;-0.0624690876218416;-1.44320267242818e-18;-1.62621698783751e-19;1;3.54293884488894e-17;1.22406572486829e-18;0;0;0;0;0;0;0;0
"B.PSENIT";0;0;0;0;0;0;0;0;0;0;0;0;0;0;0;0;0;0;0;0;0;0;0;0;0;-5.46266858848896e-18;-0.161622736919102;-1.80707501556557e-18;-3.43566675562541e-18;-0.0624690876218417;-1.51906954882721e-18;3.54293884488894e-17;1;1.14341504382091e-17;0;0;0;0;0;0;0;0
"B.PSEPSE";0;0;0;0;0;0;0;0;0;0;0;0;0;0;0;0;0;0;0;0;0;0;0;0;0;-1.76610545428185e-19;-1.64974110815603e-18;-0.161622736919102;-5.94053456113106e-21;-5.54912734466652e-20;-0.0624690876218418;1.22406572486829e-18;1.14341504382091e-17;1;0;0;0;0;0;0;0;0
"B.GYMGYM";0;0;0;0;0;0;0;0;0;0;0;0;0;0;0;0;0;0;0;0;0;0;0;0;0;0;0;0;0;0;0;0;0;0;1;-1.63501064431167e-17;-0.463278317024429;2.7110835861168e-18;0;0;0;0
"B.GYMPRP";0;0;0;0;0;0;0;0;0;0;0;0;0;0;0;0;0;0;0;0;0;0;0;0;0;0;0;0;0;0;0;0;0;0;-1.63501064431167e-17;1;6.88508323812664e-18;-0.463278317024427;0;0;0;0
"B.PRPGYM";0;0;0;0;0;0;0;0;0;0;0;0;0;0;0;0;0;0;0;0;0;0;0;0;0;0;0;0;0;0;0;0;0;0;-0.463278317024429;6.88508323812664e-18;1;-1.96350722658561e-17;0;0;0;0
"B.PRPPRP";0;0;0;0;0;0;0;0;0;0;0;0;0;0;0;0;0;0;0;0;0;0;0;0;0;0;0;0;0;0;0;0;0;0;2.7110835861168e-18;-0.463278317024427;-1.96350722658561e-17;1;0;0;0;0
"B.CRYCRY";0;0;0;0;0;0;0;0;0;0;0;0;0;0;0;0;0;0;0;0;0;0;0;0;0;0;0;0;0;0;0;0;0;0;0;0;0;0;1;-5.52934788647424e-18;-0.265045718945454;9.48599081766928e-19
"B.CRYEUG";0;0;0;0;0;0;0;0;0;0;0;0;0;0;0;0;0;0;0;0;0;0;0;0;0;0;0;0;0;0;0;0;0;0;0;0;0;0;-5.52934788647424e-18;1;9.64112290513615e-19;-0.265045718945454
"B.EUGCRY";0;0;0;0;0;0;0;0;0;0;0;0;0;0;0;0;0;0;0;0;0;0;0;0;0;0;0;0;0;0;0;0;0;0;0;0;0;0;-0.265045718945454;9.64112290513615e-19;1;-6.13547320717412e-18
"B.EUGEUG";0;0;0;0;0;0;0;0;0;0;0;0;0;0;0;0;0;0;0;0;0;0;0;0;0;0;0;0;0;0;0;0;0;0;0;0;0;0;9.48599081766928e-19;-0.265045718945454;-6.13547320717412e-18;1
